{
 "cells": [
  {
   "cell_type": "code",
   "execution_count": 31,
   "metadata": {},
   "outputs": [
    {
     "data": {
      "text/html": [
       "<script>requirejs.config({paths: { 'plotly': ['https://cdn.plot.ly/plotly-latest.min']},});if(!window.Plotly) {{require(['plotly'],function(plotly) {window.Plotly=plotly;});}}</script>"
      ],
      "text/vnd.plotly.v1+html": [
       "<script>requirejs.config({paths: { 'plotly': ['https://cdn.plot.ly/plotly-latest.min']},});if(!window.Plotly) {{require(['plotly'],function(plotly) {window.Plotly=plotly;});}}</script>"
      ]
     },
     "metadata": {},
     "output_type": "display_data"
    }
   ],
   "source": [
    "import pandas as pd\n",
    "import numpy as np\n",
    "from sklearn.model_selection import train_test_split\n",
    "from sklearn.linear_model import LinearRegression\n",
    "from sklearn.linear_model import LogisticRegression\n",
    "from sklearn.tree import DecisionTreeClassifier\n",
    "from sklearn.neighbors import KNeighborsClassifier\n",
    "from sklearn.metrics import mean_squared_error\n",
    "from sklearn import preprocessing\n",
    "\n",
    "import matplotlib as plt\n",
    "import plotly as py\n",
    "#from plotly.graph_objs import *\n",
    "import plotly.graph_objs as go\n",
    "import plotly.tools as tls\n",
    "py.offline.init_notebook_mode(connected=True)   # for offline mode use\n",
    "# from plotly.graph_objs import *\n",
    "# import plotly.tools as tls"
   ]
  },
  {
   "cell_type": "code",
   "execution_count": 4,
   "metadata": {
    "collapsed": true
   },
   "outputs": [],
   "source": [
    "kc_df = pd.DataFrame()"
   ]
  },
  {
   "cell_type": "code",
   "execution_count": 5,
   "metadata": {
    "collapsed": true
   },
   "outputs": [],
   "source": [
    "kc_df = pd.read_csv('https://raw.githubusercontent.com/javed24/House-Sales-Prediction/master/dataset/kc_house_data.csv')\n"
   ]
  },
  {
   "cell_type": "code",
   "execution_count": 6,
   "metadata": {
    "collapsed": true
   },
   "outputs": [],
   "source": [
    "features = ['bedrooms','bathrooms','sqft_living','sqft_lot','floors','waterfront','view','condition','grade','sqft_above','sqft_basement','yr_built','yr_renovated','zipcode','lat','long','sqft_living15','sqft_lot15']\n",
    "#features = list(kc_df.columns.values)"
   ]
  },
  {
   "cell_type": "code",
   "execution_count": 7,
   "metadata": {},
   "outputs": [
    {
     "data": {
      "text/html": [
       "<div>\n",
       "<style>\n",
       "    .dataframe thead tr:only-child th {\n",
       "        text-align: right;\n",
       "    }\n",
       "\n",
       "    .dataframe thead th {\n",
       "        text-align: left;\n",
       "    }\n",
       "\n",
       "    .dataframe tbody tr th {\n",
       "        vertical-align: top;\n",
       "    }\n",
       "</style>\n",
       "<table border=\"1\" class=\"dataframe\">\n",
       "  <thead>\n",
       "    <tr style=\"text-align: right;\">\n",
       "      <th></th>\n",
       "      <th>bedrooms</th>\n",
       "      <th>bathrooms</th>\n",
       "      <th>sqft_living</th>\n",
       "      <th>sqft_lot</th>\n",
       "      <th>floors</th>\n",
       "      <th>waterfront</th>\n",
       "      <th>view</th>\n",
       "      <th>condition</th>\n",
       "      <th>grade</th>\n",
       "      <th>sqft_above</th>\n",
       "      <th>sqft_basement</th>\n",
       "      <th>yr_built</th>\n",
       "      <th>yr_renovated</th>\n",
       "      <th>zipcode</th>\n",
       "      <th>lat</th>\n",
       "      <th>long</th>\n",
       "      <th>sqft_living15</th>\n",
       "      <th>sqft_lot15</th>\n",
       "    </tr>\n",
       "  </thead>\n",
       "  <tbody>\n",
       "    <tr>\n",
       "      <th>0</th>\n",
       "      <td>3</td>\n",
       "      <td>1.00</td>\n",
       "      <td>1180</td>\n",
       "      <td>5650</td>\n",
       "      <td>1.0</td>\n",
       "      <td>0</td>\n",
       "      <td>0</td>\n",
       "      <td>3</td>\n",
       "      <td>7</td>\n",
       "      <td>1180</td>\n",
       "      <td>0</td>\n",
       "      <td>1955</td>\n",
       "      <td>0</td>\n",
       "      <td>98178</td>\n",
       "      <td>47.5112</td>\n",
       "      <td>-122.257</td>\n",
       "      <td>1340</td>\n",
       "      <td>5650</td>\n",
       "    </tr>\n",
       "    <tr>\n",
       "      <th>1</th>\n",
       "      <td>3</td>\n",
       "      <td>2.25</td>\n",
       "      <td>2570</td>\n",
       "      <td>7242</td>\n",
       "      <td>2.0</td>\n",
       "      <td>0</td>\n",
       "      <td>0</td>\n",
       "      <td>3</td>\n",
       "      <td>7</td>\n",
       "      <td>2170</td>\n",
       "      <td>400</td>\n",
       "      <td>1951</td>\n",
       "      <td>1991</td>\n",
       "      <td>98125</td>\n",
       "      <td>47.7210</td>\n",
       "      <td>-122.319</td>\n",
       "      <td>1690</td>\n",
       "      <td>7639</td>\n",
       "    </tr>\n",
       "    <tr>\n",
       "      <th>2</th>\n",
       "      <td>2</td>\n",
       "      <td>1.00</td>\n",
       "      <td>770</td>\n",
       "      <td>10000</td>\n",
       "      <td>1.0</td>\n",
       "      <td>0</td>\n",
       "      <td>0</td>\n",
       "      <td>3</td>\n",
       "      <td>6</td>\n",
       "      <td>770</td>\n",
       "      <td>0</td>\n",
       "      <td>1933</td>\n",
       "      <td>0</td>\n",
       "      <td>98028</td>\n",
       "      <td>47.7379</td>\n",
       "      <td>-122.233</td>\n",
       "      <td>2720</td>\n",
       "      <td>8062</td>\n",
       "    </tr>\n",
       "    <tr>\n",
       "      <th>3</th>\n",
       "      <td>4</td>\n",
       "      <td>3.00</td>\n",
       "      <td>1960</td>\n",
       "      <td>5000</td>\n",
       "      <td>1.0</td>\n",
       "      <td>0</td>\n",
       "      <td>0</td>\n",
       "      <td>5</td>\n",
       "      <td>7</td>\n",
       "      <td>1050</td>\n",
       "      <td>910</td>\n",
       "      <td>1965</td>\n",
       "      <td>0</td>\n",
       "      <td>98136</td>\n",
       "      <td>47.5208</td>\n",
       "      <td>-122.393</td>\n",
       "      <td>1360</td>\n",
       "      <td>5000</td>\n",
       "    </tr>\n",
       "    <tr>\n",
       "      <th>4</th>\n",
       "      <td>3</td>\n",
       "      <td>2.00</td>\n",
       "      <td>1680</td>\n",
       "      <td>8080</td>\n",
       "      <td>1.0</td>\n",
       "      <td>0</td>\n",
       "      <td>0</td>\n",
       "      <td>3</td>\n",
       "      <td>8</td>\n",
       "      <td>1680</td>\n",
       "      <td>0</td>\n",
       "      <td>1987</td>\n",
       "      <td>0</td>\n",
       "      <td>98074</td>\n",
       "      <td>47.6168</td>\n",
       "      <td>-122.045</td>\n",
       "      <td>1800</td>\n",
       "      <td>7503</td>\n",
       "    </tr>\n",
       "  </tbody>\n",
       "</table>\n",
       "</div>"
      ],
      "text/plain": [
       "   bedrooms  bathrooms  sqft_living  sqft_lot  floors  waterfront  view  \\\n",
       "0         3       1.00         1180      5650     1.0           0     0   \n",
       "1         3       2.25         2570      7242     2.0           0     0   \n",
       "2         2       1.00          770     10000     1.0           0     0   \n",
       "3         4       3.00         1960      5000     1.0           0     0   \n",
       "4         3       2.00         1680      8080     1.0           0     0   \n",
       "\n",
       "   condition  grade  sqft_above  sqft_basement  yr_built  yr_renovated  \\\n",
       "0          3      7        1180              0      1955             0   \n",
       "1          3      7        2170            400      1951          1991   \n",
       "2          3      6         770              0      1933             0   \n",
       "3          5      7        1050            910      1965             0   \n",
       "4          3      8        1680              0      1987             0   \n",
       "\n",
       "   zipcode      lat     long  sqft_living15  sqft_lot15  \n",
       "0    98178  47.5112 -122.257           1340        5650  \n",
       "1    98125  47.7210 -122.319           1690        7639  \n",
       "2    98028  47.7379 -122.233           2720        8062  \n",
       "3    98136  47.5208 -122.393           1360        5000  \n",
       "4    98074  47.6168 -122.045           1800        7503  "
      ]
     },
     "execution_count": 7,
     "metadata": {},
     "output_type": "execute_result"
    }
   ],
   "source": [
    "X = kc_df[features]\n",
    "Y = kc_df['price']\n",
    "X.head()"
   ]
  },
  {
   "cell_type": "code",
   "execution_count": 8,
   "metadata": {
    "collapsed": true
   },
   "outputs": [],
   "source": [
    "from sklearn.preprocessing import StandardScaler\n",
    "X_std = StandardScaler().fit_transform(X)"
   ]
  },
  {
   "cell_type": "code",
   "execution_count": 10,
   "metadata": {
    "collapsed": true
   },
   "outputs": [
    {
     "name": "stdout",
     "output_type": "stream",
     "text": [
      "NumPy covariance matrix: \n",
      "[[  1.00004627e+00   5.15907508e-01   5.76697375e-01   3.17047099e-02\n",
      "    1.75437052e-01  -6.58278324e-03   7.95355318e-02   2.84734219e-02\n",
      "    3.56983242e-01   4.77622260e-01   3.03107400e-01   1.54185203e-01\n",
      "    1.88416949e-02  -1.52675551e-01  -8.93142293e-03   1.29478966e-01\n",
      "    3.91655645e-01   2.92455768e-02]\n",
      " [  5.15907508e-01   1.00004627e+00   7.54700198e-01   8.77437213e-02\n",
      "    5.00676338e-01   6.37465786e-02   1.87745711e-01  -1.24987716e-01\n",
      "    6.65013303e-01   6.85374187e-01   2.83783164e-01   5.06042852e-01\n",
      "    5.07413254e-02  -2.03875707e-01   2.45740898e-02   2.23052163e-01\n",
      "    5.68660601e-01   8.71793945e-02]\n",
      " [  5.76697375e-01   7.54700198e-01   1.00004627e+00   1.72833658e-01\n",
      "    3.53965668e-01   1.03822621e-01   2.84624355e-01  -5.87553054e-02\n",
      "    7.62739767e-01   8.76637159e-01   4.35063103e-01   3.18063485e-01\n",
      "    5.53654885e-02  -1.99439271e-01   5.25318928e-02   2.40234413e-01\n",
      "    7.56455259e-01   1.83294032e-01]\n",
      " [  3.17047099e-02   8.77437213e-02   1.72833658e-01   1.00004627e+00\n",
      "   -5.20123153e-03   2.16046829e-02   7.47135624e-02  -8.95866401e-03\n",
      "    1.13626381e-01   1.83520772e-01   1.52869089e-02   5.30828231e-02\n",
      "    7.64385868e-03  -1.29580482e-01  -8.56867528e-02   2.29531479e-01\n",
      "    1.44614865e-01   7.18590000e-01]\n",
      " [  1.75437052e-01   5.00676338e-01   3.53965668e-01  -5.20123153e-03\n",
      "    1.00004627e+00   2.36994168e-02   2.94451826e-02  -2.63780150e-01\n",
      "    4.58203714e-01   5.23908951e-01  -2.45715911e-01   4.89342066e-01\n",
      "    6.33869404e-03  -5.91233772e-02   4.96164267e-02   1.25424831e-01\n",
      "    2.79898216e-01  -1.12697081e-02]\n",
      " [ -6.58278324e-03   6.37465786e-02   1.03822621e-01   2.16046829e-02\n",
      "    2.36994168e-02   1.00004627e+00   4.01875945e-01   1.66539280e-02\n",
      "    8.27787439e-02   7.20779266e-02   8.05916678e-02  -2.61622961e-02\n",
      "    9.28891346e-02   3.02861289e-02  -1.42744361e-02  -4.19121393e-02\n",
      "    8.64671368e-02   3.07047038e-02]\n",
      " [  7.95355318e-02   1.87745711e-01   2.84624355e-01   7.47135624e-02\n",
      "    2.94451826e-02   4.01875945e-01   1.00004627e+00   4.59918646e-02\n",
      "    2.51332213e-01   1.67657101e-01   2.76959393e-01  -5.34423241e-02\n",
      "    1.03922096e-01   8.48308419e-02   6.15701695e-03  -7.84033399e-02\n",
      "    2.80452058e-01   7.25779259e-02]\n",
      " [  2.84734219e-02  -1.24987716e-01  -5.87553054e-02  -8.95866401e-03\n",
      "   -2.63780150e-01   1.66539280e-02   4.59918646e-02   1.00004627e+00\n",
      "   -1.44680365e-01  -1.58220937e-01   1.74112970e-01  -3.61433285e-01\n",
      "   -6.06205914e-02   3.02566389e-03  -1.49416977e-02  -1.06505376e-01\n",
      "   -9.28285631e-02  -3.40568056e-03]\n",
      " [  3.56983242e-01   6.65013303e-01   7.62739767e-01   1.13626381e-01\n",
      "    4.58203714e-01   8.27787439e-02   2.51332213e-01  -1.44680365e-01\n",
      "    1.00004627e+00   7.55957915e-01   1.68399616e-01   4.46983886e-01\n",
      "    1.44149477e-02  -1.84870647e-01   1.14089336e-01   1.98381332e-01\n",
      "    7.13235093e-01   1.19253415e-01]\n",
      " [  4.77622260e-01   6.85374187e-01   8.76637159e-01   1.83520772e-01\n",
      "    5.23908951e-01   7.20779266e-02   1.67657101e-01  -1.58220937e-01\n",
      "    7.55957915e-01   1.00004627e+00  -5.19457102e-02   4.23917966e-01\n",
      "    2.32857653e-02  -2.61202062e-01  -8.16536350e-04   3.43818925e-01\n",
      "    7.31904156e-01   1.94058841e-01]\n",
      " [  3.03107400e-01   2.83783164e-01   4.35063103e-01   1.52869089e-02\n",
      "   -2.45715911e-01   8.05916678e-02   2.76959393e-01   1.74112970e-01\n",
      "    1.68399616e-01  -5.19457102e-02   1.00004627e+00  -1.33130259e-01\n",
      "    7.13262019e-02   7.48480709e-02   1.10543073e-01  -1.44771472e-01\n",
      "    2.00364254e-01   1.72769799e-02]\n",
      " [  1.54185203e-01   5.06042852e-01   3.18063485e-01   5.30828231e-02\n",
      "    4.89342066e-01  -2.61622961e-02  -5.34423241e-02  -3.61433285e-01\n",
      "    4.46983886e-01   4.23917966e-01  -1.33130259e-01   1.00004627e+00\n",
      "   -2.24883923e-01  -3.46885228e-01  -1.48129256e-01   4.09375144e-01\n",
      "    3.26243994e-01   7.09612097e-02]\n",
      " [  1.88416949e-02   5.07413254e-02   5.53654885e-02   7.64385868e-03\n",
      "    6.33869404e-03   9.28891346e-02   1.03922096e-01  -6.06205914e-02\n",
      "    1.44149477e-02   2.32857653e-02   7.13262019e-02  -2.24883923e-01\n",
      "    1.00004627e+00   6.43600351e-02   2.93989695e-02  -6.83755323e-02\n",
      "   -2.67267911e-03   7.85412844e-03]\n",
      " [ -1.52675551e-01  -2.03875707e-01  -1.99439271e-01  -1.29580482e-01\n",
      "   -5.91233772e-02   3.02861289e-02   8.48308419e-02   3.02566389e-03\n",
      "   -1.84870647e-01  -2.61202062e-01   7.48480709e-02  -3.46885228e-01\n",
      "    6.43600351e-02   1.00004627e+00   2.67060306e-01  -5.64097706e-01\n",
      "   -2.79045908e-01  -1.47227881e-01]\n",
      " [ -8.93142293e-03   2.45740898e-02   5.25318928e-02  -8.56867528e-02\n",
      "    4.96164267e-02  -1.42744361e-02   6.15701695e-03  -1.49416977e-02\n",
      "    1.14089336e-01  -8.16536350e-04   1.10543073e-01  -1.48129256e-01\n",
      "    2.93989695e-02   2.67060306e-01   1.00004627e+00  -1.35518054e-01\n",
      "    4.88601928e-02  -8.64228058e-02]\n",
      " [  1.29478966e-01   2.23052163e-01   2.40234413e-01   2.29531479e-01\n",
      "    1.25424831e-01  -4.19121393e-02  -7.84033399e-02  -1.06505376e-01\n",
      "    1.98381332e-01   3.43818925e-01  -1.44771472e-01   4.09375144e-01\n",
      "   -6.83755323e-02  -5.64097706e-01  -1.35518054e-01   1.00004627e+00\n",
      "    3.34620466e-01   2.54463061e-01]\n",
      " [  3.91655645e-01   5.68660601e-01   7.56455259e-01   1.44614865e-01\n",
      "    2.79898216e-01   8.64671368e-02   2.80452058e-01  -9.28285631e-02\n",
      "    7.13235093e-01   7.31904156e-01   2.00364254e-01   3.26243994e-01\n",
      "   -2.67267911e-03  -2.79045908e-01   4.88601928e-02   3.34620466e-01\n",
      "    1.00004627e+00   1.83200225e-01]\n",
      " [  2.92455768e-02   8.71793945e-02   1.83294032e-01   7.18590000e-01\n",
      "   -1.12697081e-02   3.07047038e-02   7.25779259e-02  -3.40568056e-03\n",
      "    1.19253415e-01   1.94058841e-01   1.72769799e-02   7.09612097e-02\n",
      "    7.85412844e-03  -1.47227881e-01  -8.64228058e-02   2.54463061e-01\n",
      "    1.83200225e-01   1.00004627e+00]]\n"
     ]
    }
   ],
   "source": [
    "mean_vec = np.mean(X_std, axis=0)\n",
    "cov_mat = (X_std - mean_vec).T.dot((X_std - mean_vec)) / (X_std.shape[0]-1)\n",
    "#print('Covariance matrix \\n%s' %cov_mat)\n",
    "print('NumPy covariance matrix: \\n%s' %np.cov(X_std.T))"
   ]
  },
  {
   "cell_type": "code",
   "execution_count": 12,
   "metadata": {
    "collapsed": true
   },
   "outputs": [
    {
     "name": "stdout",
     "output_type": "stream",
     "text": [
      "Eigenvectors \n",
      "[[ -2.46351747e-01   1.64259784e-01  -9.56387350e-03   3.37384447e-01\n",
      "   -9.19824281e-02  -1.45988947e-01   2.36749875e-01  -1.13546155e-01\n",
      "   -4.69022392e-01  -4.51475844e-01   3.73264092e-01  -9.76430111e-02\n",
      "    7.20569371e-02   2.36809199e-01   7.88057037e-02   2.32537013e-01\n",
      "   -7.39307238e-02  -1.68171079e-16]\n",
      " [ -3.64256998e-01   8.85942832e-02  -1.09932335e-01   5.44563946e-02\n",
      "   -3.54313224e-02  -3.50744960e-02   1.79186229e-01  -5.63660182e-03\n",
      "   -1.75528510e-01   3.02444337e-01   1.42117817e-02   5.82684641e-02\n",
      "    4.70744070e-01   3.67045429e-02  -4.18836056e-01  -5.17995745e-01\n",
      "    1.31231630e-01  -3.84119388e-16]\n",
      " [ -3.94826377e-01   1.96031798e-01   3.82562165e-02   9.36292750e-02\n",
      "   -6.81509239e-02  -2.34063825e-02   2.45740053e-02  -9.64312297e-03\n",
      "    6.57285600e-02  -7.52038438e-02  -1.47429015e-01   7.05650492e-02\n",
      "   -3.92475901e-01  -2.06275997e-01   1.43750631e-01  -2.04286733e-01\n",
      "    7.01734468e-02   6.99260367e-01]\n",
      " [ -1.04416009e-01  -1.43449865e-01   5.47131960e-01  -2.52414102e-01\n",
      "   -2.76749141e-01   5.79478509e-02   1.32770088e-01  -4.11354812e-02\n",
      "   -8.83409369e-02   4.13752222e-02   2.61358922e-02  -1.05201347e-01\n",
      "   -2.89134344e-02  -3.27287251e-02  -1.44783422e-01   2.58355697e-01\n",
      "    6.28730156e-01  -1.34771258e-16]\n",
      " [ -2.36703292e-01  -1.35896559e-01  -3.36075788e-01  -2.98756356e-01\n",
      "   -6.31685209e-02   1.25148137e-02   7.84604084e-02  -3.40233506e-01\n",
      "   -1.71832786e-01   3.04301603e-01   2.16450278e-01  -9.37928427e-02\n",
      "   -1.74335199e-02  -5.23257958e-01   2.30481549e-02   3.28490679e-01\n",
      "   -1.92160531e-01   1.18802404e-17]\n",
      " [ -4.60816743e-02   2.10314591e-01   1.10271038e-01  -3.55079181e-01\n",
      "    5.66546931e-01   1.41102928e-01  -1.29421863e-01  -1.03124309e-02\n",
      "   -5.39323976e-01  -1.36369764e-01  -3.78351083e-01   4.02654560e-02\n",
      "    2.98106813e-02  -1.80413801e-02  -1.01278624e-02   4.58996958e-02\n",
      "   -2.52613357e-04   4.58767149e-17]\n",
      " [ -1.12841387e-01   3.44723111e-01   1.59218014e-01  -2.75161574e-01\n",
      "    3.96953687e-01   1.73138421e-01  -3.19699574e-03   6.54515383e-02\n",
      "    3.17929904e-01   5.38117404e-02   6.66066762e-01  -8.96167094e-02\n",
      "   -4.77243080e-02   8.44077337e-02   3.52255312e-02  -9.35666281e-02\n",
      "    2.18225297e-02   3.22536056e-17]\n",
      " [  8.64162890e-02   2.03094279e-01   2.41210767e-01   3.86577284e-01\n",
      "    5.03982130e-02   1.64149078e-01  -2.72357588e-01  -6.42520558e-01\n",
      "   -5.01704905e-02   3.98502153e-01  -5.92594399e-03   1.41407506e-01\n",
      "   -8.81357166e-02   1.79441382e-01  -1.98335503e-02   7.31277182e-02\n",
      "   -1.01830333e-02   1.28562483e-17]\n",
      " [ -3.67614929e-01   9.04539635e-02  -9.25627378e-02  -7.30952057e-02\n",
      "   -5.70129270e-02   7.74680127e-02  -1.01955402e-01  -2.72949614e-02\n",
      "    2.47185197e-01   8.24512094e-02  -2.43142080e-01  -1.16859309e-01\n",
      "    4.81541874e-01   2.42577567e-01   5.81844195e-01   2.04584028e-01\n",
      "    1.02850628e-01   5.21732219e-16]\n",
      " [ -3.93105742e-01  -1.89094807e-02  -5.24075118e-02  -5.85579630e-02\n",
      "   -5.34729454e-02  -4.57268264e-02  -1.02119472e-01  -2.51647453e-01\n",
      "    1.03857319e-01  -2.58985555e-01  -9.67899703e-02   4.69470937e-02\n",
      "   -3.73492864e-01  -6.08260002e-02   9.97106630e-02  -3.25835315e-01\n",
      "    1.18300347e-01  -6.30471925e-01]\n",
      " [ -8.38216579e-02   4.42190300e-01   1.77448464e-01   3.03867736e-01\n",
      "   -4.13763323e-02   3.69848994e-02   2.42069649e-01   4.50839581e-01\n",
      "   -5.79235359e-02   3.28516752e-01  -1.24846479e-01   5.85965315e-02\n",
      "   -1.15641062e-01  -3.14258231e-01   1.11748185e-01   1.85722163e-01\n",
      "   -7.57233988e-02  -3.36957106e-01]\n",
      " [ -2.53105189e-01  -3.29295669e-01  -2.02172795e-01  -3.84369646e-02\n",
      "    1.09946456e-01   1.89390953e-01   2.02479364e-01   2.13070577e-01\n",
      "   -1.08612063e-01   3.43335076e-01  -1.12432702e-02   1.19266764e-01\n",
      "   -4.10723939e-01   5.60259482e-01  -3.79869775e-02   1.47568157e-01\n",
      "   -3.10809651e-02   1.16944951e-16]\n",
      " [ -2.02307531e-03   1.82091350e-01   5.11417514e-02  -2.31857582e-01\n",
      "    2.61299549e-02  -8.87924036e-01  -9.53098535e-02  -1.55126136e-02\n",
      "    9.44269501e-03   2.25714142e-01  -1.96346797e-02   5.90928947e-02\n",
      "   -9.60534923e-02   1.99159219e-01  -1.06233901e-02   8.80575192e-02\n",
      "   -1.94312240e-02   1.21421699e-17]\n",
      " [  1.61413071e-01   3.34901214e-01  -1.61915004e-01  -3.26870292e-01\n",
      "   -3.11195768e-01   1.50938843e-01   2.46941764e-01  -1.19315178e-01\n",
      "    4.61423589e-02  -1.33417424e-01  -5.52550833e-04   7.03419198e-01\n",
      "    4.20638030e-02   1.08134302e-01   2.26562349e-03   7.43727092e-02\n",
      "    1.25551111e-02  -1.94021097e-16]\n",
      " [  3.74730477e-03   2.35728682e-01  -1.65687477e-01  -1.47056965e-01\n",
      "   -4.65857897e-01   1.59648323e-01  -6.40744042e-01   2.73866028e-01\n",
      "   -2.94601218e-01   7.91765232e-02   1.49405633e-01  -1.58076435e-01\n",
      "   -1.00189881e-01   1.06333210e-01  -4.27196038e-02  -6.03467253e-02\n",
      "    9.62820383e-03   2.61831904e-17]\n",
      " [ -1.88793665e-01  -3.75610331e-01   1.73451446e-01   1.58170147e-01\n",
      "    1.47371644e-01  -9.70458835e-02  -3.68854333e-01   2.17424678e-01\n",
      "   -1.10100125e-01  -4.38688768e-03   2.66243233e-01   6.10310345e-01\n",
      "    1.59578636e-01  -1.98824300e-01   1.68894142e-01   3.48550877e-02\n",
      "    5.88668594e-02  -1.08402020e-16]\n",
      " [ -3.55855123e-01   8.03339411e-02   4.86182770e-02   4.57456000e-02\n",
      "    1.80958149e-02   3.93125890e-02  -2.24899360e-01   4.74577157e-02\n",
      "    3.46807229e-01  -2.20490179e-01  -1.61040873e-01   5.17633028e-02\n",
      "    6.52732327e-02   2.36356909e-02  -6.07437533e-01   4.22625190e-01\n",
      "   -2.40490901e-01  -6.61246773e-16]\n",
      " [ -1.11241918e-01  -1.49846222e-01   5.53133994e-01  -2.41477048e-01\n",
      "   -2.59742657e-01   5.99254135e-02   9.40521899e-02  -2.40143977e-02\n",
      "   -6.81614373e-02   3.32940199e-02  -2.54227428e-02  -2.49627821e-02\n",
      "    5.37614100e-02   8.69393099e-02   1.12282879e-01  -2.09677092e-01\n",
      "   -6.68115683e-01   1.56755000e-16]]\n",
      "\n",
      "Eigenvalues \n",
      "[  5.22925492e+00   2.20145640e+00   1.84492944e+00   1.36590151e+00\n",
      "   1.20557333e+00   1.00302739e+00   8.73277250e-01   8.36238479e-01\n",
      "   6.57424740e-01   6.01133287e-01   4.98644217e-01   4.04492197e-01\n",
      "   1.90137037e-01   3.24843304e-01   2.26057109e-01   2.53112722e-01\n",
      "   2.85329539e-01   6.26061831e-17]\n"
     ]
    }
   ],
   "source": [
    "cov_mat = np.cov(X_std.T)\n",
    "\n",
    "eig_vals, eig_vecs = np.linalg.eig(cov_mat)\n",
    "\n",
    "print('Eigenvectors \\n%s' %eig_vecs)\n",
    "print('\\nEigenvalues \\n%s' %eig_vals)"
   ]
  },
  {
   "cell_type": "code",
   "execution_count": 14,
   "metadata": {
    "collapsed": true
   },
   "outputs": [
    {
     "data": {
      "text/plain": [
       "array([[ -2.46351747e-01,   1.64259784e-01,   9.56387350e-03,\n",
       "         -3.37384447e-01,   9.19824281e-02,  -1.45988947e-01,\n",
       "          2.36749875e-01,  -1.13546155e-01,   4.69022392e-01,\n",
       "         -4.51475844e-01,   3.73264092e-01,  -9.76430111e-02,\n",
       "          2.36809199e-01,  -7.39307238e-02,   2.32537013e-01,\n",
       "         -7.88057037e-02,  -7.20569371e-02,  -7.80625564e-18],\n",
       "       [ -3.64256998e-01,   8.85942832e-02,   1.09932335e-01,\n",
       "         -5.44563946e-02,   3.54313224e-02,  -3.50744960e-02,\n",
       "          1.79186229e-01,  -5.63660182e-03,   1.75528510e-01,\n",
       "          3.02444337e-01,   1.42117817e-02,   5.82684641e-02,\n",
       "          3.67045429e-02,   1.31231630e-01,  -5.17995745e-01,\n",
       "          4.18836056e-01,  -4.70744070e-01,   2.44213574e-17],\n",
       "       [ -3.94826377e-01,   1.96031798e-01,  -3.82562165e-02,\n",
       "         -9.36292750e-02,   6.81509239e-02,  -2.34063825e-02,\n",
       "          2.45740053e-02,  -9.64312297e-03,  -6.57285600e-02,\n",
       "         -7.52038438e-02,  -1.47429015e-01,   7.05650492e-02,\n",
       "         -2.06275997e-01,   7.01734468e-02,  -2.04286733e-01,\n",
       "         -1.43750631e-01,   3.92475901e-01,   6.99260367e-01],\n",
       "       [ -1.04416009e-01,  -1.43449865e-01,  -5.47131960e-01,\n",
       "          2.52414102e-01,   2.76749141e-01,   5.79478509e-02,\n",
       "          1.32770088e-01,  -4.11354812e-02,   8.83409369e-02,\n",
       "          4.13752222e-02,   2.61358922e-02,  -1.05201347e-01,\n",
       "         -3.27287251e-02,   6.28730156e-01,   2.58355697e-01,\n",
       "          1.44783422e-01,   2.89134344e-02,   2.92655582e-16],\n",
       "       [ -2.36703292e-01,  -1.35896559e-01,   3.36075788e-01,\n",
       "          2.98756356e-01,   6.31685209e-02,   1.25148137e-02,\n",
       "          7.84604084e-02,  -3.40233506e-01,   1.71832786e-01,\n",
       "          3.04301603e-01,   2.16450278e-01,  -9.37928427e-02,\n",
       "         -5.23257958e-01,  -1.92160531e-01,   3.28490679e-01,\n",
       "         -2.30481549e-02,   1.74335199e-02,   5.37764278e-17],\n",
       "       [ -4.60816743e-02,   2.10314591e-01,  -1.10271038e-01,\n",
       "          3.55079181e-01,  -5.66546931e-01,   1.41102928e-01,\n",
       "         -1.29421863e-01,  -1.03124309e-02,   5.39323976e-01,\n",
       "         -1.36369764e-01,  -3.78351083e-01,   4.02654560e-02,\n",
       "         -1.80413801e-02,  -2.52613357e-04,   4.58996958e-02,\n",
       "          1.01278624e-02,  -2.98106813e-02,   6.77081438e-17],\n",
       "       [ -1.12841387e-01,   3.44723111e-01,  -1.59218014e-01,\n",
       "          2.75161574e-01,  -3.96953687e-01,   1.73138421e-01,\n",
       "         -3.19699574e-03,   6.54515383e-02,  -3.17929904e-01,\n",
       "          5.38117404e-02,   6.66066762e-01,  -8.96167094e-02,\n",
       "          8.44077337e-02,   2.18225297e-02,  -9.35666281e-02,\n",
       "         -3.52255312e-02,   4.77243080e-02,  -2.52402266e-16],\n",
       "       [  8.64162890e-02,   2.03094279e-01,  -2.41210767e-01,\n",
       "         -3.86577284e-01,  -5.03982130e-02,   1.64149078e-01,\n",
       "         -2.72357588e-01,  -6.42520558e-01,   5.01704905e-02,\n",
       "          3.98502153e-01,  -5.92594399e-03,   1.41407506e-01,\n",
       "          1.79441382e-01,  -1.01830333e-02,   7.31277182e-02,\n",
       "          1.98335503e-02,   8.81357166e-02,   7.96014212e-33],\n",
       "       [ -3.67614929e-01,   9.04539635e-02,   9.25627378e-02,\n",
       "          7.30952057e-02,   5.70129270e-02,   7.74680127e-02,\n",
       "         -1.01955402e-01,  -2.72949614e-02,  -2.47185197e-01,\n",
       "          8.24512094e-02,  -2.43142080e-01,  -1.16859309e-01,\n",
       "          2.42577567e-01,   1.02850628e-01,   2.04584028e-01,\n",
       "         -5.81844195e-01,  -4.81541874e-01,   1.38777878e-17],\n",
       "       [ -3.93105742e-01,  -1.89094807e-02,   5.24075118e-02,\n",
       "          5.85579630e-02,   5.34729454e-02,  -4.57268264e-02,\n",
       "         -1.02119472e-01,  -2.51647453e-01,  -1.03857319e-01,\n",
       "         -2.58985555e-01,  -9.67899703e-02,   4.69470937e-02,\n",
       "         -6.08260002e-02,   1.18300347e-01,  -3.25835315e-01,\n",
       "         -9.97106630e-02,   3.73492864e-01,  -6.30471925e-01],\n",
       "       [ -8.38216579e-02,   4.42190300e-01,  -1.77448464e-01,\n",
       "         -3.03867736e-01,   4.13763323e-02,   3.69848994e-02,\n",
       "          2.42069649e-01,   4.50839581e-01,   5.79235359e-02,\n",
       "          3.28516752e-01,  -1.24846479e-01,   5.85965315e-02,\n",
       "         -3.14258231e-01,  -7.57233988e-02,   1.85722163e-01,\n",
       "         -1.11748185e-01,   1.15641062e-01,  -3.36957106e-01],\n",
       "       [ -2.53105189e-01,  -3.29295669e-01,   2.02172795e-01,\n",
       "          3.84369646e-02,  -1.09946456e-01,   1.89390953e-01,\n",
       "          2.02479364e-01,   2.13070577e-01,   1.08612063e-01,\n",
       "          3.43335076e-01,  -1.12432702e-02,   1.19266764e-01,\n",
       "          5.60259482e-01,  -3.10809651e-02,   1.47568157e-01,\n",
       "          3.79869775e-02,   4.10723939e-01,  -1.11022302e-16],\n",
       "       [ -2.02307531e-03,   1.82091350e-01,  -5.11417514e-02,\n",
       "          2.31857582e-01,  -2.61299549e-02,  -8.87924036e-01,\n",
       "         -9.53098535e-02,  -1.55126136e-02,  -9.44269501e-03,\n",
       "          2.25714142e-01,  -1.96346797e-02,   5.90928947e-02,\n",
       "          1.99159219e-01,  -1.94312240e-02,   8.80575192e-02,\n",
       "          1.06233901e-02,   9.60534923e-02,  -5.55111512e-17],\n",
       "       [  1.61413071e-01,   3.34901214e-01,   1.61915004e-01,\n",
       "          3.26870292e-01,   3.11195768e-01,   1.50938843e-01,\n",
       "          2.46941764e-01,  -1.19315178e-01,  -4.61423589e-02,\n",
       "         -1.33417424e-01,  -5.52550833e-04,   7.03419198e-01,\n",
       "          1.08134302e-01,   1.25551111e-02,   7.43727092e-02,\n",
       "         -2.26562349e-03,  -4.20638030e-02,   0.00000000e+00],\n",
       "       [  3.74730477e-03,   2.35728682e-01,   1.65687477e-01,\n",
       "          1.47056965e-01,   4.65857897e-01,   1.59648323e-01,\n",
       "         -6.40744042e-01,   2.73866028e-01,   2.94601218e-01,\n",
       "          7.91765232e-02,   1.49405633e-01,  -1.58076435e-01,\n",
       "          1.06333210e-01,   9.62820383e-03,  -6.03467253e-02,\n",
       "          4.27196038e-02,   1.00189881e-01,  -1.11022302e-16],\n",
       "       [ -1.88793665e-01,  -3.75610331e-01,  -1.73451446e-01,\n",
       "         -1.58170147e-01,  -1.47371644e-01,  -9.70458835e-02,\n",
       "         -3.68854333e-01,   2.17424678e-01,   1.10100125e-01,\n",
       "         -4.38688768e-03,   2.66243233e-01,   6.10310345e-01,\n",
       "         -1.98824300e-01,   5.88668594e-02,   3.48550877e-02,\n",
       "         -1.68894142e-01,  -1.59578636e-01,   0.00000000e+00],\n",
       "       [ -3.55855123e-01,   8.03339411e-02,  -4.86182770e-02,\n",
       "         -4.57456000e-02,  -1.80958149e-02,   3.93125890e-02,\n",
       "         -2.24899360e-01,   4.74577157e-02,  -3.46807229e-01,\n",
       "         -2.20490179e-01,  -1.61040873e-01,   5.17633028e-02,\n",
       "          2.36356909e-02,  -2.40490901e-01,   4.22625190e-01,\n",
       "          6.07437533e-01,  -6.52732327e-02,   1.45716772e-16],\n",
       "       [ -1.11241918e-01,  -1.49846222e-01,  -5.53133994e-01,\n",
       "          2.41477048e-01,   2.59742657e-01,   5.99254135e-02,\n",
       "          9.40521899e-02,  -2.40143977e-02,   6.81614373e-02,\n",
       "          3.32940199e-02,  -2.54227428e-02,  -2.49627821e-02,\n",
       "          8.69393099e-02,  -6.68115683e-01,  -2.09677092e-01,\n",
       "         -1.12282879e-01,  -5.37614100e-02,  -1.94289029e-16]])"
      ]
     },
     "execution_count": 14,
     "metadata": {},
     "output_type": "execute_result"
    }
   ],
   "source": [
    "u,s,v = np.linalg.svd(X_std.T)\n",
    "u"
   ]
  },
  {
   "cell_type": "code",
   "execution_count": 15,
   "metadata": {},
   "outputs": [
    {
     "name": "stdout",
     "output_type": "stream",
     "text": [
      "Everything ok!\n"
     ]
    }
   ],
   "source": [
    "for ev in eig_vecs:\n",
    "    np.testing.assert_array_almost_equal(1.0, np.linalg.norm(ev))\n",
    "print('Everything ok!')"
   ]
  },
  {
   "cell_type": "code",
   "execution_count": 16,
   "metadata": {},
   "outputs": [
    {
     "name": "stdout",
     "output_type": "stream",
     "text": [
      "Eigenvalues in descending order:\n",
      "5.22925491831\n",
      "2.20145640049\n",
      "1.84492943787\n",
      "1.36590150695\n",
      "1.20557333189\n",
      "1.00302739267\n",
      "0.873277249997\n",
      "0.836238479452\n",
      "0.657424740218\n",
      "0.601133287297\n",
      "0.498644217398\n",
      "0.404492196886\n",
      "0.324843304079\n",
      "0.285329539272\n",
      "0.253112722499\n",
      "0.22605710863\n",
      "0.19013703672\n",
      "6.26061831473e-17\n"
     ]
    }
   ],
   "source": [
    "# Make a list of (eigenvalue, eigenvector) tuples\n",
    "eig_pairs = [(np.abs(eig_vals[i]), eig_vecs[:,i]) for i in range(len(eig_vals))]\n",
    "\n",
    "# Sort the (eigenvalue, eigenvector) tuples from high to low\n",
    "eig_pairs.sort()\n",
    "eig_pairs.reverse()\n",
    "\n",
    "# Visually confirm that the list is correctly sorted by decreasing eigenvalues\n",
    "print('Eigenvalues in descending order:')\n",
    "for i in eig_pairs:\n",
    "    print(i[0])"
   ]
  },
  {
   "cell_type": "code",
   "execution_count": 35,
   "metadata": {},
   "outputs": [
    {
     "data": {
      "application/vnd.plotly.v1+json": {
       "data": [
        {
         "showlegend": false,
         "type": "bar",
         "x": [
          "PC 1",
          "PC 2",
          "PC 3",
          "PC 4",
          "PC 5",
          "PC 6",
          "PC 7"
         ],
         "y": [
          29.05007204883262,
          12.229747458443335,
          10.249133754709845,
          7.5879906044651,
          6.697319732663878,
          5.572116578592844,
          4.851315804515164,
          4.645554377743036,
          3.6521906788609835,
          3.3394748543995734,
          2.7701174772417776,
          2.247074898104904,
          1.8046015226812955,
          1.5850907639833205,
          1.4061167298100217,
          1.255814718431151,
          1.056267996521143,
          3.4779603586797244e-16
         ]
        },
        {
         "name": "cumulative explained variance",
         "type": "scatter",
         "x": [
          "PC 1",
          "PC 2",
          "PC 3",
          "PC 4",
          "PC 5",
          "PC 6",
          "PC 7"
         ],
         "y": [
          29.05007204883262,
          41.27981950727596,
          51.528953261985805,
          59.1169438664509,
          65.81426359911478,
          71.38638017770762,
          76.23769598222279,
          80.88325035996583,
          84.53544103882682,
          87.87491589322639,
          90.64503337046817,
          92.89210826857307,
          94.69670979125436,
          96.28180055523768,
          97.6879172850477,
          98.94373200347886,
          100,
          100
         ]
        }
       ],
       "layout": {
        "title": "Explained variance by different principal components",
        "yaxis": {
         "title": "Explained variance in percent"
        }
       }
      },
      "text/html": [
       "<div id=\"705fae5a-5313-4ffb-a0dc-6837086eb896\" style=\"height: 525px; width: 100%;\" class=\"plotly-graph-div\"></div><script type=\"text/javascript\">require([\"plotly\"], function(Plotly) { window.PLOTLYENV=window.PLOTLYENV || {};window.PLOTLYENV.BASE_URL=\"https://plot.ly\";Plotly.newPlot(\"705fae5a-5313-4ffb-a0dc-6837086eb896\", [{\"type\": \"bar\", \"x\": [\"PC 1\", \"PC 2\", \"PC 3\", \"PC 4\", \"PC 5\", \"PC 6\", \"PC 7\"], \"y\": [29.05007204883262, 12.229747458443335, 10.249133754709845, 7.5879906044651, 6.697319732663878, 5.572116578592844, 4.851315804515164, 4.645554377743036, 3.6521906788609835, 3.3394748543995734, 2.7701174772417776, 2.247074898104904, 1.8046015226812955, 1.5850907639833205, 1.4061167298100217, 1.255814718431151, 1.056267996521143, 3.4779603586797244e-16], \"showlegend\": false}, {\"type\": \"scatter\", \"x\": [\"PC 1\", \"PC 2\", \"PC 3\", \"PC 4\", \"PC 5\", \"PC 6\", \"PC 7\"], \"y\": [29.05007204883262, 41.27981950727596, 51.528953261985805, 59.1169438664509, 65.81426359911478, 71.38638017770762, 76.23769598222279, 80.88325035996583, 84.53544103882682, 87.87491589322639, 90.64503337046817, 92.89210826857307, 94.69670979125436, 96.28180055523768, 97.6879172850477, 98.94373200347886, 100.0, 100.0], \"name\": \"cumulative explained variance\"}], {\"yaxis\": {\"title\": \"Explained variance in percent\"}, \"title\": \"Explained variance by different principal components\"}, {\"showLink\": true, \"linkText\": \"Export to plot.ly\"})});</script>"
      ],
      "text/vnd.plotly.v1+html": [
       "<div id=\"705fae5a-5313-4ffb-a0dc-6837086eb896\" style=\"height: 525px; width: 100%;\" class=\"plotly-graph-div\"></div><script type=\"text/javascript\">require([\"plotly\"], function(Plotly) { window.PLOTLYENV=window.PLOTLYENV || {};window.PLOTLYENV.BASE_URL=\"https://plot.ly\";Plotly.newPlot(\"705fae5a-5313-4ffb-a0dc-6837086eb896\", [{\"type\": \"bar\", \"x\": [\"PC 1\", \"PC 2\", \"PC 3\", \"PC 4\", \"PC 5\", \"PC 6\", \"PC 7\"], \"y\": [29.05007204883262, 12.229747458443335, 10.249133754709845, 7.5879906044651, 6.697319732663878, 5.572116578592844, 4.851315804515164, 4.645554377743036, 3.6521906788609835, 3.3394748543995734, 2.7701174772417776, 2.247074898104904, 1.8046015226812955, 1.5850907639833205, 1.4061167298100217, 1.255814718431151, 1.056267996521143, 3.4779603586797244e-16], \"showlegend\": false}, {\"type\": \"scatter\", \"x\": [\"PC 1\", \"PC 2\", \"PC 3\", \"PC 4\", \"PC 5\", \"PC 6\", \"PC 7\"], \"y\": [29.05007204883262, 41.27981950727596, 51.528953261985805, 59.1169438664509, 65.81426359911478, 71.38638017770762, 76.23769598222279, 80.88325035996583, 84.53544103882682, 87.87491589322639, 90.64503337046817, 92.89210826857307, 94.69670979125436, 96.28180055523768, 97.6879172850477, 98.94373200347886, 100.0, 100.0], \"name\": \"cumulative explained variance\"}], {\"yaxis\": {\"title\": \"Explained variance in percent\"}, \"title\": \"Explained variance by different principal components\"}, {\"showLink\": true, \"linkText\": \"Export to plot.ly\"})});</script>"
      ]
     },
     "metadata": {},
     "output_type": "display_data"
    }
   ],
   "source": [
    "tot = sum(eig_vals)\n",
    "var_exp = [(i / tot)*100 for i in sorted(eig_vals, reverse=True)]\n",
    "cum_var_exp = np.cumsum(var_exp)\n",
    "\n",
    "trace1 = go.Bar(\n",
    "        x=['PC %s' %i for i in range(1,8)],\n",
    "        y=var_exp,\n",
    "        showlegend=False)\n",
    "\n",
    "trace2 = go.Scatter(\n",
    "        x=['PC %s' %i for i in range(1,8)], \n",
    "        y=cum_var_exp,\n",
    "        name='cumulative explained variance')\n",
    "\n",
    "data = go.Data([trace1, trace2])\n",
    "\n",
    "layout= go.Layout(\n",
    "        yaxis=YAxis(title='Explained variance in percent'),\n",
    "        title='Explained variance by different principal components')\n",
    "\n",
    "fig = go.Figure(data=data, layout=layout)\n",
    "py.offline.iplot(fig)"
   ]
  },
  {
   "cell_type": "code",
   "execution_count": null,
   "metadata": {
    "collapsed": true
   },
   "outputs": [],
   "source": []
  }
 ],
 "metadata": {
  "kernelspec": {
   "display_name": "Python 3",
   "language": "python",
   "name": "python3"
  },
  "language_info": {
   "codemirror_mode": {
    "name": "ipython",
    "version": 3
   },
   "file_extension": ".py",
   "mimetype": "text/x-python",
   "name": "python",
